 -0.290
 -0.300
 -0.320
 -0.290
 -0.310
 -0.330
 -0.330
 -0.360
 -0.390
 -0.390
 -0.350
 -0.310
 -0.270
 -0.200
 -0.150
 -0.150
 -0.160
 -0.120
 -0.140
 -0.160
 -0.180
 -0.150
 -0.180
 -0.200
 -0.170
 -0.190
 -0.220
 -0.210
 -0.210
 -0.220
 -0.240
 -0.210
 -0.210
 -0.230
 -0.230
 -0.210
 -0.230
 -0.230
 -0.210
 -0.210
 -0.240
 -0.260
 -0.240
 -0.240
 -0.260
 -0.220
 -0.240
 -0.250
 -0.270
 -0.260
 -0.250
 -0.270
 -0.260
 -0.240
 -0.270
 -0.270
 -0.210
 -0.180
 -0.200
 -0.140
 -0.070
  0.120
  0.070
  0.110
  0.090
 -0.040
 -0.060
 -0.060
 -0.200
 -0.300
 -0.280
 -0.260
 -0.270
 -0.340
 -0.320
  0.840
3.930
5.110
5.000
1.320
 -0.670
 -0.480
 -0.280
 -0.380
 -0.390
 -0.390
 -0.400
 -0.410
 -0.370
 -0.370
 -0.400
 -0.360
 -0.350
 -0.360
 -0.380
 -0.330
 -0.330
 -0.340
 -0.330
 -0.310
 -0.330
 -0.350
 -0.330
 -0.350
 -0.360
 -0.400
 -0.410
 -0.450
 -0.490
 -0.460
 -0.450
 -0.410
 -0.350
 -0.250
 -0.200
 -0.170
 -0.120
 -0.100
 -0.120
 -0.120
 -0.100
 -0.120
 -0.120
 -0.100
 -0.100
 -0.130
 -0.140
 -0.120
 -0.130
 -0.160
 -0.140
 -0.140
 -0.180
 -0.190
 -0.180
 -0.190
 -0.210
 -0.190
 -0.200
 -0.210
 -0.240
 -0.210
 -0.220
 -0.230
 -0.210
 -0.200
 -0.220
 -0.230
 -0.200
 -0.210
 -0.230
 -0.230
 -0.220
 -0.240
 -0.250
 -0.210
 -0.200
 -0.220
 -0.210
 -0.200
 -0.210
 -0.190
 -0.090
 -0.100
 -0.080
 -0.030
  0.220
  0.160
  0.170
  0.140
  0.040
  0.020
 -0.020
 -0.150
 -0.220
 -0.250
 -0.210
 -0.190
 -0.360
 -0.070
1.440
4.620
5.110
4.360
  0.190
 -0.420
 -0.380
 -0.240
 -0.330
 -0.360
 -0.370
 -0.350
 -0.370
 -0.380
 -0.360
 -0.360
 -0.360
 -0.330
 -0.320
 -0.320
 -0.340
 -0.290
 -0.300
 -0.320
 -0.320
 -0.300
 -0.320
 -0.350
 -0.330
 -0.360
 -0.400
 -0.430
 -0.450
 -0.480
 -0.490
 -0.420
 -0.350
 -0.310
 -0.230
 -0.150
 -0.130
 -0.120
 -0.090
 -0.080
 -0.110
 -0.120
 -0.090
 -0.110
 -0.120
 -0.080
 -0.100
 -0.120
 -0.120
 -0.110
 -0.130
 -0.140
 -0.130
 -0.140
 -0.160
 -0.170
 -0.150
 -0.170
 -0.190
 -0.160
 -0.170
 -0.180
 -0.180
 -0.160
 -0.180
 -0.200
 -0.160
 -0.170
 -0.190
 -0.180
 -0.160
 -0.180
 -0.200
 -0.160
 -0.170
 -0.180
 -0.180
 -0.150
 -0.160
 -0.170
 -0.110
 -0.080
 -0.090
 -0.040
  0.010
  0.180
  0.200
  0.210
  0.220
  0.060
  0.070
  0.060
 -0.060
 -0.180
 -0.190
 -0.180
 -0.180
 -0.240
 -0.260
  0.940
4.030
5.110
4.930
1.110
 -0.550
 -0.420
 -0.230
 -0.340
 -0.350
 -0.350
 -0.360
 -0.370
 -0.330
 -0.320
 -0.340
 -0.320
 -0.300
 -0.310
 -0.320
 -0.280
 -0.280
 -0.300
 -0.300
 -0.270
 -0.270
 -0.320
 -0.280
 -0.320
 -0.350
 -0.360
 -0.370
 -0.430
 -0.470
 -0.430
 -0.430
 -0.380
 -0.310
 -0.200
 -0.150
 -0.110
 -0.050
 -0.050
 -0.070
 -0.070
 -0.040
 -0.060
 -0.080
 -0.060
 -0.070
 -0.090
 -0.110
 -0.080
 -0.110
 -0.110
 -0.120
 -0.110
 -0.120
 -0.150
 -0.140
 -0.140
 -0.180
 -0.190
 -0.160
 -0.150
 -0.180
 -0.150
 -0.160
 -0.170
 -0.170
 -0.140
 -0.170
 -0.180
 -0.160
 -0.170
 -0.190
 -0.210
 -0.170
 -0.160
 -0.190
 -0.170
 -0.140
 -0.100
 -0.110
 -0.050
  0.010
  0.170
  0.170
  0.160
  0.140
  0.010
  0.010
 -0.030
 -0.140
 -0.230
 -0.230
 -0.230
 -0.230
 -0.290
 -0.050
1.320
4.420
5.110
4.900
  0.660
 -0.490
 -0.470
 -0.250
 -0.350
 -0.350
 -0.370
 -0.400
 -0.340
 -0.360
 -0.350
 -0.360
 -0.330
 -0.330
 -0.330
 -0.310
 -0.290
 -0.310
 -0.310
 -0.270
 -0.280
 -0.290
 -0.260
 -0.250
 -0.270
 -0.290
 -0.260
 -0.300
 -0.340
 -0.340
 -0.330
 -0.340
 -0.310
 -0.230
 -0.180
 -0.150
 -0.110
 -0.080
 -0.090
 -0.100
 -0.080
 -0.100
 -0.130
 -0.120
 -0.110
 -0.130
 -0.160
 -0.130
 -0.140
 -0.170
 -0.180
 -0.150
 -0.160
 -0.170
 -0.140
 -0.150
 -0.160
 -0.170
 -0.140
 -0.160
 -0.180
 -0.150
 -0.140
 -0.160
 -0.170
 -0.140
 -0.140
 -0.170
 -0.140
 -0.150
 -0.170
 -0.190
 -0.160
 -0.170
 -0.180
 -0.150
 -0.150
 -0.100
 -0.110
 -0.040
 -0.010
  0.120
  0.220
  0.200
  0.210
  0.070
  0.090
  0.070
 -0.060
 -0.150
 -0.170
 -0.190
 -0.190
 -0.180
 -0.320
  0.680
3.450
5.110
5.110
2.270
 -0.620
 -0.380
 -0.190
 -0.250
 -0.270
 -0.290
 -0.310
 -0.290
 -0.270
 -0.300
 -0.300
 -0.250
 -0.270
 -0.280
 -0.240
 -0.240
 -0.250
 -0.240
 -0.220
 -0.230
 -0.240
 -0.230
 -0.230
 -0.270
 -0.280
 -0.290
 -0.330
 -0.370
 -0.380
 -0.390
 -0.390
 -0.340
 -0.240
 -0.160
 -0.110
 -0.030
 -0.010
 -0.010
 -0.010
  0.010
 -0.010
 -0.020
  0.020
  0.020
 -0.010
 -0.020
  0.000
 -0.030
 -0.060
 -0.040
 -0.040
 -0.070
 -0.090
 -0.080
 -0.100
 -0.130
 -0.100
 -0.120
 -0.130
 -0.150
 -0.120
 -0.140
 -0.150
 -0.140
 -0.140
 -0.150
 -0.150
 -0.130
 -0.140
 -0.150
 -0.130
 -0.130
 -0.150
 -0.170
 -0.140
 -0.140
 -0.150
 -0.120
 -0.130
 -0.120
 -0.100
 -0.050
 -0.010
  0.020
  0.150
  0.260
  0.210
  0.200
  0.110
  0.090
  0.050
 -0.040
 -0.120
 -0.160
 -0.160
 -0.130
 -0.140
 -0.330
  0.740
3.520
5.110
5.110
1.860
 -0.550
 -0.390
 -0.190
 -0.260
 -0.310
 -0.330
 -0.310
 -0.310
 -0.340
 -0.340
 -0.310
 -0.320
 -0.340
 -0.300
 -0.300
 -0.300
 -0.320
 -0.280
 -0.280
 -0.290
 -0.280
 -0.280
 -0.300
 -0.330
 -0.320
 -0.350
 -0.400
 -0.420
 -0.430
 -0.470
 -0.460
 -0.380
 -0.310
 -0.240
 -0.150
 -0.090
 -0.080
 -0.060
 -0.020
 -0.030
 -0.040
 -0.040
 -0.020
 -0.040
 -0.070
 -0.040
 -0.050
 -0.080
 -0.090
 -0.070
 -0.090
 -0.120
 -0.100
 -0.090
 -0.130
 -0.140
 -0.130
 -0.150
 -0.160
 -0.140
 -0.130
 -0.160
 -0.180
 -0.150
 -0.150
 -0.180
 -0.160
 -0.160
 -0.190
 -0.190
 -0.150
 -0.180
 -0.190
 -0.180
 -0.160
 -0.170
 -0.170
 -0.140
 -0.150
 -0.150
 -0.140
 -0.070
 -0.090
 -0.050
  0.020
  0.200
  0.210
  0.210
  0.210
  0.080
  0.070
  0.080
 -0.030
 -0.170
 -0.190
 -0.170
 -0.150
 -0.210
 -0.280
  0.820
3.620
5.110
5.110
1.880
 -0.620
 -0.420
 -0.200
 -0.300
 -0.350
 -0.350
 -0.340
 -0.360
 -0.350
 -0.320
 -0.350
 -0.340
 -0.310
 -0.300
 -0.320
 -0.300
 -0.290
 -0.280
 -0.300
 -0.290
 -0.270
 -0.320
 -0.300
 -0.300
 -0.350
 -0.400
 -0.390
 -0.420
 -0.470
 -0.490
 -0.450
 -0.430
 -0.380
 -0.270
 -0.190
 -0.140
 -0.130
 -0.090
 -0.100
 -0.130
 -0.100
 -0.080
 -0.120
 -0.130
 -0.120
 -0.130
 -0.140
 -0.160
 -0.130
 -0.160
 -0.180
 -0.160
 -0.160
 -0.190
 -0.190
 -0.190
 -0.200
 -0.230
 -0.190
 -0.190
 -0.230
 -0.220
 -0.210
 -0.210
 -0.220
 -0.200
 -0.190
 -0.200
 -0.200
 -0.200
 -0.200
 -0.240
 -0.190
 -0.190
 -0.200
 -0.200
 -0.190
 -0.210
 -0.220
 -0.180
 -0.150
 -0.160
 -0.130
 -0.040
  0.090
  0.160
  0.160
  0.160
  0.010
 -0.020
 -0.010
 -0.130
 -0.270
 -0.240
 -0.250
 -0.270
 -0.310
 -0.320
  0.810
3.500
5.110
5.110
1.880
 -0.710
 -0.550
 -0.280
 -0.380
 -0.390
 -0.400
 -0.410
 -0.430
 -0.400
 -0.380
 -0.390
 -0.390
 -0.370
 -0.370
 -0.360
 -0.330
 -0.330
 -0.340
 -0.340
 -0.330
 -0.320
 -0.350
 -0.310
 -0.310
 -0.340
 -0.370
 -0.370
 -0.410
 -0.450
 -0.440
 -0.430
 -0.410
 -0.360
 -0.260
 -0.220
 -0.200
 -0.150
 -0.150
 -0.160
 -0.170
 -0.160
 -0.170
 -0.190
 -0.160
 -0.170
 -0.200
 -0.220
 -0.200
 -0.210
 -0.220
 -0.190
 -0.200
 -0.230
 -0.250
 -0.200
 -0.220
 -0.230
 -0.220
 -0.220
 -0.240
 -0.230
 -0.220
 -0.220
 -0.240
 -0.210
 -0.200
 -0.230
 -0.240
 -0.220
 -0.230
 -0.240
 -0.210
 -0.210
 -0.230
 -0.240
 -0.210
 -0.210
 -0.240
 -0.170
 -0.130
 -0.100
 -0.070
  0.060
  0.220
  0.140
  0.180
  0.100
  0.020
  0.010
 -0.020
 -0.160
 -0.210
 -0.220
 -0.180
 -0.200
 -0.430
  0.340
2.530
5.110
5.110
3.180
 -0.630
 -0.420
 -0.230
 -0.270
 -0.330
 -0.330
 -0.320
 -0.320
 -0.330
 -0.310
 -0.310
 -0.310
 -0.310
 -0.280
 -0.290
 -0.300
 -0.270
 -0.270
 -0.290
 -0.290
 -0.260
 -0.260
 -0.290
 -0.280
 -0.300
 -0.330
 -0.370
 -0.370
 -0.410
 -0.450
 -0.420
 -0.390
 -0.330
 -0.270
 -0.140
 -0.090
 -0.060
 -0.040
 -0.020
 -0.040
 -0.040
 -0.020
 -0.020
 -0.050
 -0.030
 -0.030
 -0.060
 -0.080
 -0.060
 -0.070
 -0.090
 -0.100
 -0.090
 -0.110
 -0.130
 -0.100
 -0.110
 -0.130
 -0.140
 -0.130
 -0.130
 -0.150
 -0.140
 -0.140
 -0.160
 -0.180
 -0.150
 -0.150
 -0.180
 -0.160
 -0.160
 -0.180
 -0.190
 -0.140
 -0.150
 -0.150
 -0.130
 -0.120
 -0.090
 -0.080
 -0.010
  0.040
  0.150
  0.280
  0.240
  0.240
  0.110
  0.100
  0.110
  0.000
 -0.130
 -0.140
 -0.140
 -0.140
 -0.120
 -0.330
  0.450
2.540
5.110
5.110
3.430
 -0.510
 -0.320
 -0.240
 -0.250
 -0.270
 -0.300
 -0.310
 -0.310
 -0.300
 -0.310
 -0.320
 -0.270
 -0.260
 -0.280
 -0.270
 -0.240
 -0.260
 -0.260
 -0.240
 -0.230
 -0.250
 -0.260
 -0.240
 -0.270
 -0.300
 -0.290
 -0.330
 -0.390
 -0.420
 -0.420
 -0.420
 -0.400
 -0.320
 -0.230
 -0.170
 -0.130
 -0.040
 -0.030
 -0.030
 -0.020
 -0.020
 -0.040
 -0.060
 -0.030
 -0.020
 -0.050
 -0.060
 -0.040
 -0.060
 -0.080
 -0.060
 -0.050
 -0.080
 -0.100
 -0.070
 -0.080
 -0.110
 -0.100
 -0.090
 -0.110
 -0.120
 -0.090
 -0.110
 -0.150
 -0.140
 -0.140
 -0.120
 -0.150
 -0.110
 -0.110
 -0.140
 -0.130
 -0.100
 -0.120
 -0.150
 -0.100
 -0.110
 -0.120
 -0.130
 -0.090
 -0.090
 -0.050
 -0.050
  0.010
  0.030
  0.260
  0.230
  0.240
  0.180
  0.090
  0.080
  0.040
 -0.120
 -0.150
 -0.170
 -0.180
 -0.160
 -0.250
 -0.080
1.240
4.390
5.110
4.780
  0.740
 -0.420
 -0.350
 -0.210
 -0.270
 -0.290
 -0.320
 -0.320
 -0.290
 -0.290
 -0.290
 -0.280
 -0.280
 -0.280
 -0.290
 -0.250
 -0.260
 -0.260
 -0.260
 -0.250
 -0.270
 -0.280
 -0.250
 -0.280
 -0.310
 -0.330
 -0.350
 -0.400
 -0.450
 -0.440
 -0.480
 -0.460
 -0.410
 -0.300
 -0.230
 -0.170
 -0.090
 -0.060
 -0.070
 -0.050
 -0.040
 -0.070
 -0.080
 -0.050
 -0.040
 -0.060
 -0.080
 -0.070
 -0.090
 -0.100
 -0.070
 -0.100
 -0.110
 -0.110
 -0.090
 -0.130
 -0.140
 -0.120
 -0.110
 -0.130
 -0.160
 -0.120
 -0.150
 -0.170
 -0.150
 -0.140
 -0.160
 -0.170
 -0.140
 -0.130
 -0.170
 -0.160
 -0.140
 -0.160
 -0.180
 -0.140
 -0.150
 -0.170
 -0.170
 -0.140
 -0.100
 -0.120
 -0.050
  0.000
  0.080
  0.260
  0.200
  0.210
  0.110
  0.080
  0.060
 -0.020
 -0.180
 -0.160
 -0.160
 -0.190
 -0.150
 -0.320
  0.500
2.710
5.110
5.110
3.290
 -0.630
 -0.380
 -0.250
 -0.270
 -0.320
 -0.320
 -0.340
 -0.340
 -0.320
 -0.330
 -0.330
 -0.310
 -0.310
 -0.320
 -0.300
 -0.290
 -0.260
 -0.290
 -0.270
 -0.270
 -0.280
 -0.300
 -0.250
 -0.280
 -0.300
 -0.310
 -0.330
 -0.370
 -0.410
 -0.400
 -0.420
 -0.390
 -0.350
 -0.280
 -0.210
 -0.170
 -0.110
 -0.080
 -0.090
 -0.100
 -0.090
 -0.100
 -0.140
 -0.090
 -0.140
 -0.130
 -0.170
 -0.120
 -0.180
 -0.180
 -0.170
 -0.150
 -0.190
 -0.190
 -0.160
 -0.180
 -0.210
 -0.160
 -0.180
 -0.210
 -0.240
 -0.210
 -0.210
 -0.220
 -0.180
 -0.190
 -0.200
 -0.210
 -0.210
 -0.200
 -0.230
 -0.220
 -0.210
 -0.250
 -0.250

