  0.160
  0.180
  0.170
  0.180
  0.180
  0.170
  0.170
  0.130
  0.130
  0.100
  0.060
  0.040
  0.010
 -0.010
 -0.020
 -0.020
 -0.020
 -0.030
  0.000
  0.000
  0.000
  0.020
  0.030
  0.040
  0.030
  0.070
  0.050
  0.060
  0.050
  0.050
  0.050
  0.050
  0.060
  0.050
  0.050
  0.030
  0.030
  0.030
  0.020
  0.020
  0.020
  0.010
  0.000
  0.000
  0.000
 -0.010
  0.000
 -0.010
 -0.010
 -0.010
 -0.010
 -0.010
 -0.020
 -0.020
 -0.010
 -0.010
  0.000
  0.060
  0.050
  0.090
  0.110
  0.160
  0.130
  0.050
  0.030
 -0.090
 -0.120
 -0.090
 -0.080
 -0.090
 -0.080
 -0.080
 -0.070
 -0.080
  0.090
  0.450
  0.790
-1.170
-1.910
-1.640
-1.280
 -0.520
 -0.150
 -0.030
 -0.030
  0.010
  0.030
  0.050
  0.060
  0.080
  0.090
  0.100
  0.130
  0.140
  0.160
  0.150
  0.180
  0.200
  0.220
  0.220
  0.260
  0.280
  0.280
  0.300
  0.290
  0.290
  0.270
  0.240
  0.210
  0.170
  0.130
  0.100
  0.050
  0.030
  0.040
  0.050
  0.040
  0.050
  0.060
  0.060
  0.060
  0.060
  0.050
  0.040
  0.070
  0.060
  0.070
  0.060
  0.080
  0.080
  0.080
  0.090
  0.100
  0.100
  0.090
  0.090
  0.090
  0.080
  0.070
  0.070
  0.060
  0.050
  0.050
  0.050
  0.020
  0.040
  0.030
  0.010
  0.010
  0.000
  0.010
  0.000
  0.000
  0.000
  0.000
 -0.020
 -0.010
 -0.010
 -0.020
 -0.020
 -0.020
 -0.020
  0.020
  0.020
  0.060
  0.060
  0.140
  0.100
  0.020
 -0.020
 -0.130
 -0.130
 -0.130
 -0.100
 -0.100
 -0.100
 -0.110
 -0.110
 -0.090
  0.160
  0.430
  0.750
-1.520
-1.930
-1.360
-1.110
 -0.440
 -0.080
 -0.060
 -0.040
  0.000
  0.020
  0.050
  0.060
  0.060
  0.090
  0.090
  0.100
  0.120
  0.140
  0.140
  0.160
  0.190
  0.210
  0.210
  0.240
  0.250
  0.250
  0.250
  0.260
  0.240
  0.210
  0.190
  0.170
  0.110
  0.070
  0.050
  0.010
  0.010
 -0.010
  0.010
  0.000
  0.010
  0.020
  0.010
  0.010
  0.020
  0.020
  0.010
  0.010
  0.020
  0.020
  0.020
  0.020
  0.020
  0.020
  0.020
  0.030
  0.030
  0.020
  0.020
  0.020
  0.030
  0.010
  0.010
  0.000
 -0.020
  0.000
 -0.010
 -0.020
 -0.020
 -0.020
 -0.020
 -0.030
 -0.040
 -0.050
 -0.050
 -0.060
 -0.060
 -0.060
 -0.060
 -0.060
 -0.060
 -0.060
 -0.060
 -0.020
 -0.020
 -0.010
  0.030
  0.080
  0.090
  0.000
 -0.050
 -0.130
 -0.180
 -0.160
 -0.150
 -0.130
 -0.130
 -0.140
 -0.130
 -0.140
 -0.040
  0.340
  0.710
-1.050
-1.870
-1.580
-1.250
 -0.540
 -0.170
 -0.070
 -0.070
 -0.030
 -0.010
  0.010
  0.020
  0.030
  0.040
  0.040
  0.040
  0.060
  0.080
  0.080
  0.090
  0.100
  0.110
  0.120
  0.140
  0.150
  0.170
  0.150
  0.160
  0.140
  0.120
  0.120
  0.080
  0.040
  0.030
  0.010
 -0.020
 -0.030
 -0.010
 -0.030
 -0.010
  0.000
  0.010
  0.010
  0.020
  0.020
  0.010
  0.000
  0.000
  0.010
  0.010
  0.020
  0.010
  0.010
  0.030
  0.030
  0.010
  0.020
  0.010
  0.030
  0.010
 -0.010
  0.010
  0.010
  0.000
 -0.010
 -0.010
 -0.010
 -0.020
 -0.010
 -0.010
 -0.020
 -0.050
 -0.020
 -0.030
 -0.020
 -0.050
 -0.030
 -0.040
 -0.040
 -0.010
  0.030
 -0.020
  0.070
  0.060
  0.130
  0.100
  0.030
 -0.020
 -0.120
 -0.140
 -0.150
 -0.110
 -0.130
 -0.130
 -0.140
 -0.120
 -0.140
  0.080
  0.340
  0.670
 -0.810
-1.640
-1.350
-1.110
 -0.610
 -0.210
 -0.110
 -0.090
 -0.060
 -0.030
 -0.030
  0.000
  0.000
  0.010
  0.020
  0.040
  0.050
  0.040
  0.060
  0.080
  0.080
  0.100
  0.120
  0.140
  0.150
  0.170
  0.170
  0.170
  0.160
  0.150
  0.140
  0.100
  0.100
  0.060
  0.020
  0.000
  0.010
 -0.020
 -0.020
 -0.010
 -0.020
  0.010
  0.000
  0.000
  0.010
  0.010
  0.010
  0.020
  0.020
  0.030
  0.020
  0.030
  0.030
  0.020
  0.030
  0.020
  0.010
  0.010
  0.010
 -0.010
  0.000
  0.000
  0.010
 -0.020
  0.000
 -0.010
 -0.020
 -0.010
 -0.010
 -0.020
 -0.020
 -0.020
 -0.020
 -0.020
 -0.030
 -0.020
 -0.020
 -0.040
 -0.020
  0.020
  0.040
  0.040
  0.080
  0.120
  0.150
  0.060
  0.010
 -0.050
 -0.140
 -0.110
 -0.120
 -0.110
 -0.100
 -0.100
 -0.080
 -0.100
 -0.030
  0.350
  0.610
 -0.460
-1.880
-1.900
-1.250
 -0.630
 -0.260
 -0.030
 -0.040
  0.000
  0.020
  0.040
  0.050
  0.070
  0.070
  0.090
  0.100
  0.120
  0.110
  0.150
  0.150
  0.180
  0.190
  0.210
  0.220
  0.240
  0.250
  0.260
  0.260
  0.240
  0.230
  0.190
  0.170
  0.130
  0.090
  0.040
  0.000
  0.000
 -0.010
 -0.020
 -0.020
  0.000
  0.000
  0.010
  0.000
  0.000
 -0.010
  0.010
  0.000
  0.000
  0.020
  0.010
  0.020
  0.030
  0.030
  0.050
  0.050
  0.050
  0.050
  0.050
  0.040
  0.030
  0.040
  0.020
  0.030
  0.010
  0.020
  0.000
  0.010
  0.010
  0.010
 -0.010
 -0.010
  0.000
 -0.020
 -0.010
 -0.010
 -0.010
 -0.020
 -0.010
 -0.020
 -0.020
 -0.020
 -0.020
  0.020
  0.050
  0.020
  0.090
  0.100
  0.160
  0.070
  0.010
 -0.050
 -0.120
 -0.100
 -0.100
 -0.080
 -0.070
 -0.090
 -0.100
 -0.090
 -0.050
  0.340
  0.580
 -0.420
-1.840
-1.800
-1.220
 -0.570
 -0.220
 -0.040
 -0.030
 -0.020
  0.010
  0.020
  0.050
  0.050
  0.040
  0.060
  0.080
  0.080
  0.110
  0.110
  0.120
  0.140
  0.140
  0.180
  0.180
  0.210
  0.210
  0.220
  0.220
  0.220
  0.190
  0.180
  0.160
  0.140
  0.090
  0.040
  0.020
  0.000
  0.010
  0.020
  0.010
  0.020
  0.030
  0.030
  0.040
  0.030
  0.040
  0.030
  0.030
  0.020
  0.040
  0.040
  0.030
  0.040
  0.040
  0.040
  0.040
  0.050
  0.060
  0.040
  0.040
  0.040
  0.020
  0.020
  0.020
  0.010
  0.010
  0.000
 -0.010
 -0.020
 -0.020
 -0.010
 -0.020
 -0.030
 -0.020
 -0.030
 -0.030
 -0.040
 -0.030
 -0.030
 -0.040
 -0.050
 -0.050
 -0.030
 -0.040
  0.010
  0.030
  0.010
  0.060
  0.090
  0.140
  0.040
 -0.010
 -0.070
 -0.140
 -0.120
 -0.100
 -0.080
 -0.080
 -0.100
 -0.060
 -0.100
 -0.050
  0.340
  0.590
 -0.410
-1.790
-1.750
-1.160
 -0.560
 -0.210
 -0.010
 -0.010
  0.010
  0.040
  0.050
  0.070
  0.090
  0.080
  0.090
  0.090
  0.100
  0.110
  0.130
  0.130
  0.140
  0.160
  0.160
  0.190
  0.180
  0.200
  0.210
  0.210
  0.190
  0.170
  0.160
  0.150
  0.120
  0.090
  0.050
  0.030
  0.010
  0.020
  0.020
  0.020
  0.040
  0.030
  0.030
  0.020
  0.050
  0.040
  0.040
  0.040
  0.040
  0.040
  0.040
  0.060
  0.060
  0.070
  0.050
  0.070
  0.070
  0.060
  0.060
  0.070
  0.050
  0.060
  0.030
  0.020
  0.020
  0.030
  0.020
  0.010
  0.020
  0.010
  0.000
  0.000
  0.000
  0.010
 -0.020
 -0.010
 -0.010
 -0.020
 -0.020
 -0.020
 -0.010
 -0.020
 -0.020
  0.030
  0.050
  0.010
  0.090
  0.130
  0.140
  0.070
  0.020
 -0.050
 -0.110
 -0.090
 -0.090
 -0.090
 -0.100
 -0.100
 -0.090
 -0.120
 -0.060
  0.260
  0.560
 -0.050
-1.590
-1.530
-1.150
 -0.620
 -0.300
 -0.040
 -0.050
 -0.030
  0.000
  0.030
  0.020
  0.040
  0.060
  0.080
  0.070
  0.090
  0.100
  0.090
  0.130
  0.130
  0.150
  0.140
  0.160
  0.180
  0.180
  0.190
  0.190
  0.190
  0.170
  0.170
  0.160
  0.130
  0.120
  0.090
  0.060
  0.030
  0.030
  0.020
  0.010
  0.040
  0.030
  0.030
  0.040
  0.030
  0.050
  0.050
  0.060
  0.060
  0.050
  0.070
  0.050
  0.050
  0.050
  0.060
  0.050
  0.040
  0.040
  0.040
  0.020
  0.020
  0.030
  0.020
  0.010
  0.020
  0.010
  0.020
  0.010
  0.010
  0.000
  0.010
  0.000
  0.010
  0.010
  0.000
  0.000
  0.000
  0.000
 -0.010
  0.000
  0.010
  0.040
  0.090
  0.050
  0.130
  0.100
  0.200
  0.100
  0.050
  0.000
 -0.110
 -0.100
 -0.110
 -0.080
 -0.060
 -0.090
 -0.090
 -0.080
 -0.070
  0.250
  0.500
  0.430
-1.720
-1.890
-1.190
 -0.790
 -0.350
 -0.020
  0.000
  0.000
  0.020
  0.050
  0.060
  0.070
  0.100
  0.110
  0.110
  0.120
  0.140
  0.140
  0.160
  0.180
  0.190
  0.200
  0.220
  0.250
  0.250
  0.260
  0.260
  0.260
  0.240
  0.220
  0.220
  0.170
  0.120
  0.080
  0.050
  0.020
  0.010
  0.010
  0.030
  0.030
  0.040
  0.040
  0.050
  0.040
  0.060
  0.050
  0.040
  0.040
  0.050
  0.040
  0.040
  0.050
  0.050
  0.040
  0.050
  0.040
  0.040
  0.040
  0.040
  0.030
  0.020
  0.010
  0.000
 -0.010
 -0.010
 -0.010
 -0.010
 -0.020
 -0.020
 -0.030
 -0.020
 -0.040
 -0.040
 -0.040
 -0.050
 -0.050
 -0.050
 -0.050
 -0.070
 -0.060
 -0.040
  0.020
 -0.020
  0.050
  0.060
  0.130
  0.030
 -0.020
 -0.070
 -0.180
 -0.160
 -0.150
 -0.130
 -0.130
 -0.130
 -0.140
 -0.130
 -0.120
  0.210
  0.440
  0.550
-1.750
-1.930
-1.220
 -0.940
 -0.380
 -0.040
 -0.050
 -0.020
  0.010
  0.020
  0.020
  0.050
  0.050
  0.060
  0.080
  0.090
  0.090
  0.100
  0.110
  0.130
  0.140
  0.160
  0.180
  0.200
  0.210
  0.230
  0.230
  0.220
  0.210
  0.180
  0.150
  0.130
  0.100
  0.050
  0.010
 -0.010
 -0.010
 -0.010
 -0.020
  0.010
  0.020
  0.040
  0.040
  0.040
  0.040
  0.040
  0.040
  0.040
  0.030
  0.050
  0.050
  0.040
  0.050
  0.080
  0.070
  0.080
  0.080
  0.080
  0.070
  0.060
  0.060
  0.070
  0.050
  0.040
  0.040
  0.040
  0.020
  0.050
  0.030
  0.020
  0.000
  0.020
  0.010
 -0.010
  0.000
  0.000
 -0.030
 -0.020
 -0.030
 -0.020
 -0.030
 -0.020
 -0.010
  0.030
  0.010
  0.040
  0.070
  0.140
  0.100
  0.040
 -0.010
 -0.130
 -0.140
 -0.120
 -0.120
 -0.120
 -0.110
 -0.110
 -0.100
 -0.110
  0.030
  0.340
  0.710
 -0.980
-1.840
-1.580
-1.260
 -0.520
 -0.170
 -0.060
 -0.050
 -0.030
 -0.010
  0.000
  0.020
  0.040
  0.040
  0.070
  0.060
  0.080
  0.100
  0.110
  0.120
  0.130
  0.150
  0.150
  0.180
  0.180
  0.200
  0.200
  0.190
  0.200
  0.180
  0.160
  0.130
  0.120
  0.070
  0.030
  0.000
 -0.010
 -0.020
 -0.010
  0.000
  0.020
  0.010
  0.030
  0.030
  0.030
  0.040
  0.050
  0.050
  0.040
  0.050
  0.040
  0.070
  0.060
  0.070
  0.060
  0.060
  0.060
  0.060
  0.040
  0.040
  0.040
  0.040
  0.030
  0.000
  0.020
  0.000
 -0.010
  0.000
  0.010
 -0.010
 -0.010
 -0.020
 -0.020
 -0.020
 -0.040
 -0.020
 -0.020
 -0.030
 -0.020
 -0.030
 -0.040
 -0.030
  0.000
  0.040
  0.000
  0.080
  0.060
  0.160
  0.080
  0.030
 -0.010
 -0.150
 -0.100
 -0.110
 -0.100
 -0.080
 -0.110
 -0.090
 -0.090
 -0.090
  0.230
  0.490
  0.600
-1.550
-1.700
-1.110
 -0.800
 -0.420
 -0.040
 -0.050
 -0.010
  0.010
  0.020
  0.030
  0.040
  0.070
  0.060
  0.070
  0.090
  0.080
  0.090
  0.100
  0.110
  0.110
  0.140
  0.140
  0.150
  0.140
  0.140
  0.140
  0.140
  0.130
  0.110
  0.090
  0.070
  0.060
  0.020
  0.020
  0.010
 -0.010
 -0.030
 -0.020
 -0.020
  0.010
 -0.010
  0.000
 -0.010
 -0.010
 -0.010
 -0.010
 -0.010
 -0.010
 -0.020
 -0.010
 -0.010
 -0.020
  0.000
  0.010
 -0.010
 -0.020
 -0.030
 -0.010
 -0.020
 -0.030
 -0.020
 -0.010
 -0.020
 -0.020
 -0.020
 -0.030
 -0.020
 -0.020
 -0.040
 -0.040
 -0.030
 -0.030
 -0.030
 -0.040
 -0.040
 -0.050

